# Optimal Matrix after 100 iterations on optimization/MATIO scoring matrix
# Time (min) 19 
# Original matrix score 0 
# New matrix score 2 
A R N D C Q E G H I L K M F P S T W Y V B Z X *
1.9499678226100117 6.414085850703843 2.882323987489707 -0.6469296806937339 -6.08738423658467 7.360161081822691 -4.9909403970318476 -1.25137228119812 -7.640073114473001 -2.4242363633268305 4.6697460449541985 8.87541727465449 0.4485377433892801 3.180280701492433 -1.8605031370435934 -11.480880445172291 6.34850133795228 10.935927151615779 9.455217363960697 1.3827080468125577 -0.38148448417116976 7.910088147233678 -5.8861480903357615 9.549016789289418
6.414085850703843 -0.707988997037442 -1.468786528794136 -10.254873530022321 -5.447080213787774 2.857300477410794 -8.302970981678277 0.3488553271559687 -3.512272223711582 -2.2941241125307923 -9.928149321348211 -1.9603857104752664 -4.683101632852271 11.693634351359643 -5.211759108562414 2.4207745711897504 -3.9862602716401616 -4.939907168077729 2.238080593976444 -1.251133724202103 7.002867491581613 2.484346835465587 -5.417758368519477 9.620837611466051
2.882323987489707 -1.468786528794136 -2.6171016795399122 7.608329553093953 4.029471843822347 2.312954543885021 -1.8206240118749843 -2.882974858450804 -14.241882576695788 -9.249281218317945 7.2321562202342395 0.8088755351151851 15.611119803576932 13.477014852355666 2.7076888497785507 4.502150341380074 -6.718297180763038 -5.44632458869482 3.044035619723079 -2.426819783885273 7.634542363789629 1.3441118759279358 5.572031068242391 0.02212012243910566
-0.6469296806937339 -10.254873530022321 7.608329553093953 11.584973428908187 -1.1525686013644814 -1.3377063413691417 -1.7476238561389725 -6.796908565846233 -6.43166905582911 -2.1483673980372053 -9.333722386340153 3.7587431573448358 9.865601887003988 5.175757010560494 12.134812232956302 -11.270307164065043 5.076438910367163 0.6079883490738349 0.761745117052103 1.7434725505336877 -0.6994900208697565 2.1945340767226003 4.447101246993116 -3.0123625399230085
-6.08738423658467 -5.447080213787774 4.029471843822347 -1.1525686013644814 4.8601848177367275 2.2123537684191037 1.9391768554694198 2.447943387878357 -0.18498350334138558 2.6468730421031412 -5.660920848499874 -1.889485256628035 -2.4722695932275265 -0.45047179101550894 -6.351777772154526 0.9919632071970597 -5.355782059193545 4.2678518643744985 -4.123081391770812 -3.518930596777876 7.064307172203884 4.188898870511445 4.590221201636246 10.442963893322204
7.360161081822691 2.857300477410794 2.312954543885021 -1.3377063413691417 2.2123537684191037 -1.364893762948697 -2.37633972416062 5.875376975056706 4.588688543588827 -3.1746050464166737 -4.267552525301956 5.063366148835174 4.463171019113133 -2.0094958649883976 -4.599071461287708 1.8962117474854203 4.744257349267727 5.297324891705515 -7.285654783382283 2.7190579140057567 -1.758584707779991 9.194633936605353 7.197124689482506 -8.281766618522704
-4.9909403970318476 -8.302970981678277 -1.8206240118749843 -1.7476238561389725 1.9391768554694198 -2.37633972416062 -7.928905376141861 4.91157842175585 7.6571043372791 1.3963957680440386 -7.901371041722446 -3.8781193932019455 1.050882154961755 -5.330514735662338 5.215019209078166 7.325084114690794 0.3210186448094414 2.4189214763013434 -1.0768601505785713 1.968293350599406 -7.110863685296051 4.663562218883524 0.4573798741353987 -8.307047272251896
-1.25137228119812 0.3488553271559687 -2.882974858450804 -6.796908565846233 2.447943387878357 5.875376975056706 4.91157842175585 9.229171223184773 -4.717004577706383 -6.50485795807885 -9.947171585544616 3.9345085774962225 -5.728492212401284 10.894998251083493 -0.5351550076413201 -3.624102409784741 3.210192085517893 -8.785274903505071 8.584826261972069 -0.4297455228029716 9.826057108140278 1.4709380359566206 8.125961240147541 -3.2884788808533028
-7.640073114473001 -3.512272223711582 -14.241882576695788 -6.43166905582911 -0.18498350334138558 4.588688543588827 7.6571043372791 -4.717004577706383 6.983461794171592 -4.726399772392948 -6.767279448054955 -12.997786323429533 -8.65819520245402 9.819725369167656 11.734018924641923 -7.945363399772273 -1.3837648706751957 -3.144967252917465 -1.6269086099685286 4.370931416972195 3.627800644093424 0.9617283421920124 -3.7218786532437154 0.6775010920597189
-2.4242363633268305 -2.2941241125307923 -9.249281218317945 -2.1483673980372053 2.6468730421031412 -3.1746050464166737 1.3963957680440386 -6.50485795807885 -4.726399772392948 6.255056067971351 8.561843098482239 -2.734939177191003 0.3418503903269041 0.9707660132900855 7.959601836741674 -9.583714117855534 -4.8046544887866345 -6.682116290066112 3.4006761226080666 2.6624950987473497 -2.2902100426615615 1.3830654114325789 -0.5222419932588738 -15.231553242996759
4.6697460449541985 -9.928149321348211 7.2321562202342395 -9.333722386340153 -5.660920848499874 -4.267552525301956 -7.901371041722446 -9.947171585544616 -6.767279448054955 8.561843098482239 6.01748130298363 1.251984264383994 10.957531261450484 -5.06484409814235 -9.584616237016753 1.7132163336129624 -2.3938357028613604 12.929244573410656 2.2269257435842524 10.31753142900879 -13.127383694122312 -3.4695656829745216 -7.465365731230424 -1.1469459265362987
8.87541727465449 -1.9603857104752664 0.8088755351151851 3.7587431573448358 -1.889485256628035 5.063366148835174 -3.8781193932019455 3.9345085774962225 -12.997786323429533 -2.734939177191003 1.251984264383994 -4.982684653140004 -10.426844159122957 -8.547356632819085 3.9859130008267805 -0.7289052991937941 4.269064166697632 4.190011004232501 -7.556484209026682 7.174657396481444 4.2166362228051195 -5.095392022400912 5.803503385967293 12.28973711836736
0.4485377433892801 -4.683101632852271 15.611119803576932 9.865601887003988 -2.4722695932275265 4.463171019113133 1.050882154961755 -5.728492212401284 -8.65819520245402 0.3418503903269041 10.957531261450484 -10.426844159122957 4.243962613287133 -4.710286643150538 -0.32850653407319563 -0.5474739982222463 -2.1288892015771026 -15.269709678021494 8.179490123787266 -0.6080727362148168 -0.7249410095499749 -10.024463391865948 -1.6962268311340098 -3.5766051321183983
3.180280701492433 11.693634351359643 13.477014852355666 5.175757010560494 -0.45047179101550894 -2.0094958649883976 -5.330514735662338 10.894998251083493 9.819725369167656 0.9707660132900855 -5.06484409814235 -8.547356632819085 -4.710286643150538 4.561295719999708 -0.606312493567444 4.711114564578108 -5.356199447331 8.116579199463 -4.773966637533999 -0.7981150821006953 -4.1718021823041695 3.7580030357555687 -2.353369781228882 -3.686384586172257
-1.8605031370435934 -5.211759108562414 2.7076888497785507 12.134812232956302 -6.351777772154526 -4.599071461287708 5.215019209078166 -0.5351550076413201 11.734018924641923 7.959601836741674 -9.584616237016753 3.9859130008267805 -0.32850653407319563 -0.606312493567444 1.4843490382268436 5.95642046645894 11.878333211053999 6.842231473605411 6.819129257448675 1.299298924111503 5.060784606300704 -1.9438140594692714 -0.7204235465370137 -7.010203475125039
-11.480880445172291 2.4207745711897504 4.502150341380074 -11.270307164065043 0.9919632071970597 1.8962117474854203 7.325084114690794 -3.624102409784741 -7.945363399772273 -9.583714117855534 1.7132163336129624 -0.7289052991937941 -0.5474739982222463 4.711114564578108 5.95642046645894 6.525092786147234 -10.275885019438675 7.6397060977088405 -6.524563353056294 2.3782013833053375 3.7145896454220853 4.936647771206969 -6.318329197028461 3.481491996996491
6.34850133795228 -3.9862602716401616 -6.718297180763038 5.076438910367163 -5.355782059193545 4.744257349267727 0.3210186448094414 3.210192085517893 -1.3837648706751957 -4.8046544887866345 -2.3938357028613604 4.269064166697632 -2.1288892015771026 -5.356199447331 11.878333211053999 -10.275885019438675 4.513395428036732 -2.024357253387397 -2.983053125527881 -5.608688986864987 -11.893659525187541 -10.646111043238845 0.9584534803180913 -4.0774798560426735
10.935927151615779 -4.939907168077729 -5.44632458869482 0.6079883490738349 4.2678518643744985 5.297324891705515 2.4189214763013434 -8.785274903505071 -3.144967252917465 -6.682116290066112 12.929244573410656 4.190011004232501 -15.269709678021494 8.116579199463 6.842231473605411 7.6397060977088405 -2.024357253387397 9.724450264079675 1.3942991864557526 -0.23907524413164016 1.4456660476369876 7.923484918640793 -4.3483009558902275 2.601438208355021
9.455217363960697 2.238080593976444 3.044035619723079 0.761745117052103 -4.123081391770812 -7.285654783382283 -1.0768601505785713 8.584826261972069 -1.6269086099685286 3.4006761226080666 2.2269257435842524 -7.556484209026682 8.179490123787266 -4.773966637533999 6.819129257448675 -6.524563353056294 -2.983053125527881 1.3942991864557526 5.212666689980291 2.3503993028980954 -4.885224780562587 3.368560594282175 7.484653579338421 0.3922667954539476
1.3827080468125577 -1.251133724202103 -2.426819783885273 1.7434725505336877 -3.518930596777876 2.7190579140057567 1.968293350599406 -0.4297455228029716 4.370931416972195 2.6624950987473497 10.31753142900879 7.174657396481444 -0.6080727362148168 -0.7981150821006953 1.299298924111503 2.3782013833053375 -5.608688986864987 -0.23907524413164016 2.3503993028980954 1.0235041722388962 7.26260540185219 2.6463408889374174 3.295123104619154 -3.849547154816423
-0.38148448417116976 7.002867491581613 7.634542363789629 -0.6994900208697565 7.064307172203884 -1.758584707779991 -7.110863685296051 9.826057108140278 3.627800644093424 -2.2902100426615615 -13.127383694122312 4.2166362228051195 -0.7249410095499749 -4.1718021823041695 5.060784606300704 3.7145896454220853 -11.893659525187541 1.4456660476369876 -4.885224780562587 7.26260540185219 -4.853768901677113 -7.533974430287024 6.052893675494305 -4.508833828519258
7.910088147233678 2.484346835465587 1.3441118759279358 2.1945340767226003 4.188898870511445 9.194633936605353 4.663562218883524 1.4709380359566206 0.9617283421920124 1.3830654114325789 -3.4695656829745216 -5.095392022400912 -10.024463391865948 3.7580030357555687 -1.9438140594692714 4.936647771206969 -10.646111043238845 7.923484918640793 3.368560594282175 2.6463408889374174 -7.533974430287024 0.7696756480023403 4.0704381959634555 -13.454822727920039
-5.8861480903357615 -5.417758368519477 5.572031068242391 4.447101246993116 4.590221201636246 7.197124689482506 0.4573798741353987 8.125961240147541 -3.7218786532437154 -0.5222419932588738 -7.465365731230424 5.803503385967293 -1.6962268311340098 -2.353369781228882 -0.7204235465370137 -6.318329197028461 0.9584534803180913 -4.3483009558902275 7.484653579338421 3.295123104619154 6.052893675494305 4.0704381959634555 7.75576606335008 -4.757785031397927
9.549016789289418 9.620837611466051 0.02212012243910566 -3.0123625399230085 10.442963893322204 -8.281766618522704 -8.307047272251896 -3.2884788808533028 0.6775010920597189 -15.231553242996759 -1.1469459265362987 12.28973711836736 -3.5766051321183983 -3.686384586172257 -7.010203475125039 3.481491996996491 -4.0774798560426735 2.601438208355021 0.3922667954539476 -3.849547154816423 -4.508833828519258 -13.454822727920039 -4.757785031397927 -3.116624471329987
