# Optimal Matrix after 100 iterations on scoring/PAM100 scoring matrix
# Time 19 
# Original matrix score 2 
# New matrix score 2 
A R N D C Q E G H I L K M F P S T W Y V B Z X *
-11.700055052676538 63.315618977917325 78.03299463601373 -3.3250157309604518 -60.749759773569636 5.074427354756345 65.56160296638878 7.923033658238161 -27.843813811516966 -26.00580123468396 6.6942078058842664 48.80082120892315 -4.154417906301128 -95.7386896555091 -7.514893490994382 23.75648280665768 69.95998777709734 -87.64068274455155 -65.60410920977719 -99.86813027533078 10.523313133836062 69.91248394256111 -102.72121918899984 -3.5959671249115606
63.315618977917325 73.96232201968321 32.93479619022492 -101.15215558150769 -96.64187479131165 -5.2828481709037 -27.66229779459288 -39.66643907075292 77.82815580443649 -31.830122504074712 -1.5348446655464845 -59.709777393466695 8.480330791060776 -8.608146560458742 -145.17355296964018 -23.296183673925643 -10.414472286394501 -86.70073695397832 15.994571201065938 71.96613569476652 -35.04927746004054 -74.96817379509359 -12.05347595709936 3.903242344890807
78.03299463601373 32.93479619022492 57.37933142192983 5.090661939061007 -53.98712034380066 17.35949446428109 -20.556855833941825 -111.57854237979949 -89.65385803809384 -48.851305898822275 -13.953903689613018 -0.661414785837817 10.791008868375961 27.398901633446847 -24.45726251581681 -7.89919904737004 32.11851272374804 42.18199504245228 -51.665275018904346 -52.62738417149454 99.20535846711043 -35.03445997739999 -1.608708362743425 -76.13341342614716
-3.3250157309604518 -101.15215558150769 5.090661939061007 -14.819601105525862 -7.178698532268591 49.720560660053145 121.01435185053033 -32.265604657570584 26.697569471709034 50.963553598842225 -30.089561828531185 -92.88645395314887 -11.092813857644618 104.61511466264757 1.0065038878203991 93.77861872500655 42.289019232945755 71.68882522987076 -115.8634133488393 -34.78183567861664 11.332617655964233 1.3993963066815793 62.38120861742898 -88.09831516478957
-60.749759773569636 -96.64187479131165 -53.98712034380066 -7.178698532268591 79.88376751629491 5.316853590284011 -78.48982524269279 -23.678558611345114 43.30234960240958 -47.92674905039731 -97.59705767339685 -2.798732000071718 40.18382501349397 -11.565856337194882 -25.208023342640452 26.847271471565378 -116.65770863005197 -30.10225800527631 20.042470539775348 -18.070663334630083 47.25629349793645 21.153716594803377 16.68059270004015 -60.714102280843086
5.074427354756345 -5.2828481709037 17.35949446428109 49.720560660053145 5.316853590284011 -25.41968638900522 -55.67996320282332 -66.10290221847899 1.082314368405422 42.24111736805338 103.9527257207926 -26.807691754094254 63.693930998999534 -33.20525098481667 25.449513268177963 25.673829947924723 39.79352919702689 75.69151284371775 -90.91133629778616 -59.61482504801367 -65.14758036624517 10.172499245893896 73.98519152163105 3.983983989333618
65.56160296638878 -27.66229779459288 -20.556855833941825 121.01435185053033 -78.48982524269279 -55.67996320282332 184.58804273733992 -11.280957916429186 -100.5952021542209 39.66064591793144 34.93792670865646 -55.937327508806426 -21.398622341945693 -96.78627961268433 -24.180038343555754 1.6292491178740232 33.97336677054484 -66.20766392992903 14.042914924186537 15.699723970425417 6.441288291948643 -45.4510715391927 -35.35860731100875 -16.04130875382141
7.923033658238161 -39.66643907075292 -111.57854237979949 -32.265604657570584 -23.678558611345114 -66.10290221847899 -11.280957916429186 51.62533420512345 -88.34273069183035 15.821902168611238 153.2792212636328 -53.53170082767422 -47.96852636862301 -28.573490421508232 -113.42629579344276 -97.29665755836066 5.837702798608829 -2.643000278019854 28.90870763788337 22.21641441072396 54.37914449637976 7.876618370833802 52.65838755998169 55.881802443718236
-27.843813811516966 77.82815580443649 -89.65385803809384 26.697569471709034 43.30234960240958 1.082314368405422 -100.5952021542209 -88.34273069183035 5.368259468694029 -34.36770751715625 23.812893765322617 3.4856144677290493 -45.91748228136523 -22.820816312416706 -37.37563595412675 -18.38055219507075 50.699163898797025 -50.532262605727574 107.41780377377121 -42.47833101318324 17.200115645688008 -31.13164564683568 87.67435913519569 -42.33402327615712
-26.00580123468396 -31.830122504074712 -48.851305898822275 50.963553598842225 -47.92674905039731 42.24111736805338 39.66064591793144 15.821902168611238 -34.36770751715625 -14.067483633267443 -35.15577394996634 51.598624698265574 -37.64979330318745 -53.970404338162936 28.73060314211492 63.35552860352179 11.071337810503 -94.06883601993289 48.62125646639206 72.65771876710293 -63.62293527739558 101.56440161351166 -16.811283326515017 29.18171608278039
6.6942078058842664 -1.5348446655464845 -13.953903689613018 -30.089561828531185 -97.59705767339685 103.9527257207926 34.93792670865646 153.2792212636328 23.812893765322617 -35.15577394996634 71.55580085797378 -5.013876915937107 14.925427932854648 -3.4969412005392604 -67.72149158956977 -99.62047402598989 45.79880434555333 -23.9303490242209 55.192114503819404 -44.53281706791217 51.93249639041462 105.43713423324496 -9.508816188549222 -47.472581568950226
48.80082120892315 -59.709777393466695 -0.661414785837817 -92.88645395314887 -2.798732000071718 -26.807691754094254 -55.937327508806426 -53.53170082767422 3.4856144677290493 51.598624698265574 -5.013876915937107 -42.87810188828497 55.51626032614873 61.29073361286517 -31.735586642732798 15.89752784652286 -6.4126870901516995 -18.201564432065386 11.574312355488 -24.770992985695123 41.46944691216087 -24.04202093678186 -11.544359021254227 69.51753158311094
-4.154417906301128 8.480330791060776 10.791008868375961 -11.092813857644618 40.18382501349397 63.693930998999534 -21.398622341945693 -47.96852636862301 -45.91748228136523 -37.64979330318745 14.925427932854648 55.51626032614873 -29.562876658967554 -13.408377519260057 -10.286687804776367 -30.45079432083613 7.627247345167675 -45.34338759272139 -107.52544956570809 22.93726912767823 13.175690618475931 36.45928886066928 57.83533529539899 14.579251886308047
-95.7386896555091 -8.608146560458742 27.398901633446847 104.61511466264757 -11.565856337194882 -33.20525098481667 -96.78627961268433 -28.573490421508232 -22.820816312416706 -53.970404338162936 -3.4969412005392604 61.29073361286517 -13.408377519260057 -22.74630035321527 33.790934870391865 -32.164438194393 -45.57693138149319 -39.36327808570612 45.32962098692995 -59.220179282049834 -5.058656126180858 54.382605774672086 55.29727383833684 -80.08592733155993
-7.514893490994382 -145.17355296964018 -24.45726251581681 1.0065038878203991 -25.208023342640452 25.449513268177963 -24.180038343555754 -113.42629579344276 -37.37563595412675 28.73060314211492 -67.72149158956977 -31.735586642732798 -10.286687804776367 33.790934870391865 45.61619180948787 -16.187724822058755 -28.638275812121854 -15.575899851511634 26.48605817677969 -68.00269483988659 3.359704502671051 -59.18152781894888 14.706750281138428 -78.193817288191
23.75648280665768 -23.296183673925643 -7.89919904737004 93.77861872500655 26.847271471565378 25.673829947924723 1.6292491178740232 -97.29665755836066 -18.38055219507075 63.35552860352179 -99.62047402598989 15.89752784652286 -30.45079432083613 -32.164438194393 -16.187724822058755 -35.278783046533505 121.10229239727488 50.726891993740495 41.387289523043414 -6.604058378733258 -85.563249761743 121.91603963877176 5.651413029921061 114.46047865117418
69.95998777709734 -10.414472286394501 32.11851272374804 42.289019232945755 -116.65770863005197 39.79352919702689 33.97336677054484 5.837702798608829 50.699163898797025 11.071337810503 45.79880434555333 -6.4126870901516995 7.627247345167675 -45.57693138149319 -28.638275812121854 121.10229239727488 100.96621936527295 50.87054167924553 -64.54477341142808 43.19888657208438 84.75043073345479 27.600703207819947 -31.466034881551504 6.245182966697678
-87.64068274455155 -86.70073695397832 42.18199504245228 71.68882522987076 -30.10225800527631 75.69151284371775 -66.20766392992903 -2.643000278019854 -50.532262605727574 -94.06883601993289 -23.9303490242209 -18.201564432065386 -45.34338759272139 -39.36327808570612 -15.575899851511634 50.726891993740495 50.87054167924553 -32.59641609295644 -17.213585713478956 -40.97266557900796 -49.49607505542987 -56.00290478385377 30.891248318577897 67.29923018446783
-65.60410920977719 15.994571201065938 -51.665275018904346 -115.8634133488393 20.042470539775348 -90.91133629778616 14.042914924186537 28.90870763788337 107.41780377377121 48.62125646639206 55.192114503819404 11.574312355488 -107.52544956570809 45.32962098692995 26.48605817677969 41.387289523043414 -64.54477341142808 -17.213585713478956 40.08736081418117 41.00881261266403 37.61469248442359 -93.6438221814585 -105.05172323903037 -70.67123716447517
-99.86813027533078 71.96613569476652 -52.62738417149454 -34.78183567861664 -18.070663334630083 -59.61482504801367 15.699723970425417 22.21641441072396 -42.47833101318324 72.65771876710293 -44.53281706791217 -24.770992985695123 22.93726912767823 -59.220179282049834 -68.00269483988659 -6.604058378733258 43.19888657208438 -40.97266557900796 41.00881261266403 51.11537817964573 41.99707057280275 -41.318340705164196 39.82333868943633 -0.13317607412107435
10.523313133836062 -35.04927746004054 99.20535846711043 11.332617655964233 47.25629349793645 -65.14758036624517 6.441288291948643 54.37914449637976 17.200115645688008 -63.62293527739558 51.93249639041462 41.46944691216087 13.175690618475931 -5.058656126180858 3.359704502671051 -85.563249761743 84.75043073345479 -49.49607505542987 37.61469248442359 41.99707057280275 54.49642891096718 7.346656759368167 -1.4749531858279228 -41.596493711444054
69.91248394256111 -74.96817379509359 -35.03445997739999 1.3993963066815793 21.153716594803377 10.172499245893896 -45.4510715391927 7.876618370833802 -31.13164564683568 101.56440161351166 105.43713423324496 -24.04202093678186 36.45928886066928 54.382605774672086 -59.18152781894888 121.91603963877176 27.600703207819947 -56.00290478385377 -93.6438221814585 -41.318340705164196 7.346656759368167 -28.792265099434616 15.288396365084107 -85.23624908735631
-102.72121918899984 -12.05347595709936 -1.608708362743425 62.38120861742898 16.68059270004015 73.98519152163105 -35.35860731100875 52.65838755998169 87.67435913519569 -16.811283326515017 -9.508816188549222 -11.544359021254227 57.83533529539899 55.29727383833684 14.706750281138428 5.651413029921061 -31.466034881551504 30.891248318577897 -105.05172323903037 39.82333868943633 -1.4749531858279228 15.288396365084107 15.549102116172241 102.93267615920621
-3.5959671249115606 3.903242344890807 -76.13341342614716 -88.09831516478957 -60.714102280843086 3.983983989333618 -16.04130875382141 55.881802443718236 -42.33402327615712 29.18171608278039 -47.472581568950226 69.51753158311094 14.579251886308047 -80.08592733155993 -78.193817288191 114.46047865117418 6.245182966697678 67.29923018446783 -70.67123716447517 -0.13317607412107435 -41.596493711444054 -85.23624908735631 102.93267615920621 -9.47193671851056
